ComputeGraphRadiusSearch 
points n 100
0 - 1 - 2 - 3 - 4 - 5 - 6 - 7 - 8 - 9 - 10 - 11 - 12 - 13 - 14 - 15 - 16 - 17 - 18 - 19 - 20 - 21 - 22 - 23 - 24 - 25 - 
 25% of graph computed 
26 - 27 - 28 - 29 - 30 - 31 - 32 - 33 - 34 - 35 - 36 - 37 - 38 - 39 - 40 - 41 - 42 - 43 - 44 - 45 - 46 - 47 - 48 - 49 - 50 - 
 50% of graph computed 
51 - 52 - 53 - 54 - 55 - 56 - 57 - 58 - 59 - 60 - 61 - 62 - 63 - 64 - 65 - 66 - 67 - 68 - 69 - 70 - 71 - 72 - 73 - 74 - 75 - 
 75% of graph computed 
76 - 77 - 78 - 79 - 80 - 81 - 82 - 83 - 84 - 85 - 86 - 87 - 88 - 89 - 90 - 91 - 92 - 93 - 94 - 95 - 96 - 97 - 98 - 99 - Graph of connectivity-radius 1000 correctly computed: 100 nodes into the graph
min connectivity: 56 max connectivity: 100
GRAPH 
2 6 7 8 9 10 15 18 19 21 22 24 27 28 29 30 31 34 35 38 41 43 44 47 49 50 52 53 54 55 56 58 59 60 62 63 64 65 67 70 72 73 74 75 76 79 81 82 84 86 87 89 92 93 94 95 98 99 

2 4 9 10 11 12 15 16 17 18 22 23 24 28 30 32 35 36 37 38 39 41 42 44 45 46 47 51 54 57 59 61 64 66 67 68 69 71 74 75 76 77 78 79 80 81 82 83 84 85 86 88 90 91 93 94 96 97 98 

0 1 8 9 10 11 12 13 14 15 18 21 23 26 27 28 29 30 31 34 36 37 38 39 41 43 44 45 49 50 51 52 54 58 59 61 62 65 66 67 69 70 72 73 76 77 78 79 82 84 85 86 87 90 93 94 95 97 99 

1 2 4 5 6 9 11 12 16 18 20 21 23 24 25 26 28 30 31 32 33 35 37 38 39 40 42 44 47 48 50 51 58 59 61 63 64 66 67 68 69 70 71 74 75 76 81 82 83 84 86 89 91 92 93 94 96 97 99 

1 3 5 6 9 12 15 16 18 19 22 24 27 28 31 32 35 36 37 40 41 42 44 45 46 48 49 50 53 54 55 56 57 59 60 64 66 67 70 72 73 74 75 76 77 78 79 80 81 82 83 85 87 88 89 91 92 93 94 95 96 

0 1 7 8 10 11 19 20 22 25 27 28 29 32 33 35 38 39 40 41 42 44 46 49 50 51 53 55 56 59 60 62 63 64 65 66 68 70 72 74 76 79 80 83 89 90 91 92 93 94 95 96 98 

1 2 8 10 11 15 18 20 21 22 24 25 27 28 29 31 32 33 35 38 39 40 41 44 45 46 48 49 51 52 53 54 56 58 61 62 63 65 67 69 71 76 77 80 84 89 92 93 95 99 

0 1 4 5 10 11 15 16 18 19 20 22 24 28 31 35 36 39 40 42 43 44 46 49 53 54 55 56 57 59 60 62 63 64 65 68 70 74 75 76 77 79 81 83 84 87 88 89 91 94 95 96 99 

0 1 2 5 6 7 9 10 11 12 13 15 16 20 21 22 23 24 25 27 30 31 32 33 34 35 38 39 40 41 42 45 46 47 48 49 50 51 52 53 56 62 63 64 65 66 67 70 72 74 77 78 79 82 83 84 86 88 90 92 93 94 96 99 

0 1 2 3 4 12 13 16 20 21 22 23 24 25 27 29 30 31 32 33 34 36 37 40 41 42 43 44 46 47 49 51 54 57 59 60 61 64 67 68 69 71 74 76 77 78 79 80 81 82 84 85 86 87 88 89 90 91 93 94 95 96 97 

0 4 6 8 9 11 13 15 17 18 20 22 23 24 26 27 29 30 32 33 34 35 36 40 41 43 44 46 47 48 49 50 51 52 53 54 55 56 58 59 60 65 66 67 68 70 72 73 76 80 82 83 85 87 89 90 92 94 95 96 97 99 

0 1 2 5 8 9 10 12 15 16 20 21 22 24 26 28 29 30 31 32 33 35 38 39 41 43 44 46 47 49 51 53 55 56 57 59 60 61 62 63 64 65 67 68 70 72 75 76 79 82 83 84 85 86 90 91 92 94 95 

1 2 3 4 9 10 11 14 17 18 19 22 23 24 26 28 29 30 34 36 37 38 39 40 41 42 43 44 45 46 47 48 49 54 55 57 59 62 64 68 69 74 76 77 78 79 81 82 83 84 85 86 87 89 90 93 94 95 97 98 

1 2 5 8 9 10 12 16 17 20 21 23 25 27 29 30 31 32 33 35 36 37 39 41 44 45 47 48 49 50 52 53 54 55 56 57 58 61 62 65 67 69 70 72 77 78 79 80 82 83 84 85 86 87 88 90 91 96 97 99 

1 2 3 4 9 12 16 17 18 19 23 24 25 26 27 28 29 30 34 36 37 39 40 41 42 45 47 51 54 55 57 59 64 66 67 68 69 71 73 75 76 77 78 79 81 84 85 86 88 89 93 94 97 98 

0 3 5 6 7 8 9 10 18 19 22 24 26 27 28 29 31 33 35 37 39 41 42 44 45 46 47 49 52 53 54 55 56 58 59 60 62 63 64 65 66 68 70 72 73 75 76 80 81 82 83 84 87 88 91 92 94 95 98 99 

1 2 3 4 6 8 9 12 17 20 21 23 24 25 27 28 29 30 32 33 37 38 39 40 41 42 46 48 49 51 54 57 58 59 63 66 67 68 69 71 74 77 78 79 80 81 82 83 84 89 91 92 93 94 95 96 

2 4 9 10 12 13 14 23 25 27 29 30 34 37 40 41 45 47 48 49 50 51 52 54 58 59 61 64 69 71 77 78 79 80 82 85 86 90 93 96 97 

1 2 3 4 7 8 9 10 16 20 21 24 26 27 28 32 35 36 37 39 40 41 42 43 44 46 47 49 51 53 56 57 58 60 62 64 66 67 68 71 72 74 75 76 77 79 80 81 82 83 84 85 86 87 89 91 93 94 95 96 98 99 

0 4 7 9 12 14 15 23 27 28 30 34 35 36 37 41 42 43 44 46 47 49 52 53 55 56 58 59 60 61 65 67 70 72 73 74 75 76 77 78 79 80 81 82 83 85 87 88 89 90 91 95 98 99 

1 2 3 4 6 7 8 10 11 13 16 18 21 22 23 24 25 26 28 29 30 31 32 35 38 39 41 42 44 46 47 48 49 50 52 56 57 59 60 61 62 64 65 68 69 70 72 76 77 78 80 81 84 85 87 89 92 93 94 95 96 97 99 

0 2 5 6 8 11 13 15 16 20 22 24 25 26 27 29 32 33 34 38 39 41 45 48 51 53 59 60 61 62 65 66 67 68 76 77 80 82 89 90 92 95 96 99 

0 1 2 5 9 10 11 12 14 15 16 18 20 21 23 24 26 28 29 30 31 32 33 38 39 40 41 42 44 46 47 48 50 52 53 54 56 57 58 60 62 63 65 66 67 68 70 77 78 79 81 83 85 86 87 88 90 91 92 94 95 96 97 

1 2 3 4 6 9 10 12 13 14 15 17 18 20 22 25 27 28 29 30 33 34 36 37 38 41 44 46 47 48 49 51 54 56 57 58 59 64 65 66 68 69 70 71 72 73 74 75 76 77 78 80 82 84 85 86 87 88 93 94 96 

1 4 5 6 7 8 10 11 12 15 17 18 20 22 23 25 26 27 29 31 32 33 34 35 36 37 38 39 40 41 45 46 48 50 51 53 57 58 59 61 62 63 64 66 68 69 71 72 79 80 82 83 84 85 87 88 90 94 95 96 97 99 

0 3 4 6 8 9 10 11 12 14 15 18 22 23 24 27 29 30 31 32 33 34 37 38 39 41 42 44 46 47 48 50 51 52 54 55 56 57 58 59 61 63 65 66 67 70 76 77 78 80 82 83 84 85 86 87 89 90 93 95 96 97 98 

1 3 4 5 6 10 11 14 16 20 23 24 25 28 29 31 32 33 35 37 38 39 40 41 42 46 48 49 51 54 57 58 62 63 66 67 68 69 72 74 75 77 78 79 81 82 83 84 85 86 87 89 91 92 93 95 96 

1 2 3 4 9 10 11 13 14 18 22 23 25 26 28 29 30 35 36 37 39 42 44 45 46 47 48 49 50 51 52 53 54 56 58 59 60 61 62 64 67 70 72 76 77 78 80 82 83 86 88 89 90 92 93 94 95 96 97 99 

0 1 4 7 9 11 12 15 16 18 20 22 27 31 32 33 34 35 36 37 39 40 41 42 43 44 46 52 53 54 55 57 59 60 62 65 66 68 72 73 74 75 76 77 78 79 80 81 83 85 86 87 88 89 91 93 94 95 97 

1 2 3 6 7 8 10 11 12 13 14 19 20 21 22 23 24 25 26 27 28 30 31 34 35 37 38 39 44 45 47 48 49 50 51 52 53 55 58 61 62 63 65 67 68 70 72 76 77 79 80 82 83 84 85 87 88 89 90 94 97 98 99 

1 2 3 4 6 8 9 11 12 13 14 19 23 24 25 27 28 29 34 35 36 37 41 42 45 46 49 51 52 54 55 56 58 59 61 62 64 67 69 70 71 72 73 75 76 77 78 79 80 82 83 84 85 88 90 91 97 

0 1 2 3 4 5 6 8 9 11 12 13 15 16 20 22 24 25 26 27 30 32 33 34 35 37 38 39 40 42 44 45 46 48 49 50 52 53 55 57 58 59 60 61 62 63 65 68 69 72 74 75 76 78 79 81 87 89 91 92 93 94 95 96 

1 2 3 4 5 6 7 8 9 10 11 12 13 15 16 18 20 22 24 26 27 28 30 31 33 34 36 38 39 40 42 44 46 48 49 51 54 60 63 65 66 67 68 70 71 77 78 79 80 81 84 85 86 87 90 91 93 94 95 96 99 

1 2 3 4 5 6 8 9 10 11 13 15 16 18 20 21 24 25 26 28 29 30 31 32 34 35 38 39 40 41 44 46 47 48 51 53 57 61 63 64 65 67 68 69 74 76 78 79 81 82 84 89 91 92 93 96 97 

0 1 2 3 5 6 9 13 14 15 18 19 22 23 24 27 29 30 31 33 35 41 44 45 46 47 49 50 51 52 53 55 56 58 59 61 63 64 65 66 67 68 69 72 73 76 77 80 82 84 86 87 88 90 92 95 96 99 

0 1 4 5 6 7 8 10 14 15 16 18 19 22 24 27 28 31 34 36 37 38 39 40 41 42 43 44 46 53 56 57 60 61 62 64 65 66 67 70 72 73 74 75 76 77 78 79 81 82 83 85 88 89 90 93 94 98 99 

1 2 3 4 7 9 10 12 14 16 18 19 27 28 37 40 42 43 44 46 47 49 54 55 56 59 60 64 66 67 69 70 71 72 74 75 76 77 78 79 81 82 83 84 85 86 87 88 89 91 93 96 97 98 

1 2 3 4 9 10 12 14 16 18 20 22 23 24 25 27 29 30 34 36 39 40 41 42 43 44 49 53 54 55 57 61 64 66 67 68 69 71 73 75 76 77 78 80 81 82 84 85 86 88 89 90 91 93 94 96 97 98 

0 1 6 7 8 11 12 16 20 21 22 23 24 25 26 27 28 30 31 32 33 34 37 39 40 41 44 45 47 49 50 51 53 54 55 57 58 60 61 62 63 65 66 69 70 72 74 75 76 77 78 81 82 89 90 91 92 93 94 95 96 99 

0 1 3 6 7 8 11 13 18 20 21 22 24 25 26 27 28 29 31 32 38 41 43 44 45 46 47 48 50 51 52 53 55 58 59 60 61 62 63 65 67 68 69 70 71 74 75 76 78 79 81 82 83 87 88 89 90 91 93 94 95 96 

1 3 4 9 11 12 14 15 16 18 20 22 24 27 28 31 32 35 36 37 39 41 44 46 48 49 50 51 53 54 55 56 57 60 61 62 64 65 66 67 70 73 74 75 76 77 78 79 81 82 83 84 85 86 87 89 90 91 92 93 94 95 

1 2 4 5 7 8 9 10 12 13 14 16 17 19 20 22 23 24 25 27 28 29 30 31 32 33 35 36 37 38 40 44 46 47 48 49 51 52 53 54 56 57 58 59 62 68 69 75 76 77 78 80 81 82 83 84 85 86 89 90 93 94 95 96 99 

1 4 7 9 12 14 15 16 18 19 20 22 24 27 30 31 35 36 38 39 40 41 43 44 46 49 50 55 57 59 60 62 63 64 65 66 67 68 72 73 74 75 76 78 79 81 82 83 84 85 87 88 89 92 93 94 95 97 

0 1 2 4 7 9 10 12 13 14 15 18 19 22 23 27 28 30 35 37 39 40 42 44 46 47 49 50 53 54 55 56 57 58 64 66 68 70 72 73 74 75 76 77 78 79 80 81 82 83 85 87 88 89 98 99 

1 2 4 7 9 10 12 13 18 19 23 27 28 29 31 33 34 36 37 40 42 43 45 46 47 51 53 54 55 57 59 60 61 64 65 66 67 70 71 72 74 75 76 77 78 79 80 82 83 84 85 86 88 89 93 94 95 96 98 99 

0 2 4 6 8 10 12 13 15 19 20 22 23 25 29 30 33 34 39 41 44 47 48 49 50 51 52 54 55 58 61 63 64 65 67 70 73 76 77 78 79 80 82 84 86 88 90 92 93 96 99 

3 4 5 6 7 8 9 12 13 17 18 22 24 25 26 27 28 29 31 32 33 35 36 38 39 40 41 42 45 47 48 49 51 53 55 56 57 62 64 65 66 67 68 71 74 75 76 77 79 81 82 86 87 88 89 90 91 92 93 94 95 97 

0 2 4 9 10 12 13 15 16 18 19 22 23 24 25 26 30 33 34 36 37 41 42 43 44 48 49 50 51 52 53 54 55 56 59 61 64 65 67 69 70 72 73 74 76 78 79 80 81 82 83 84 85 86 87 88 91 93 95 97 98 99 

0 1 3 4 5 6 11 14 15 16 17 18 20 21 22 23 24 25 27 28 29 30 31 32 33 34 37 38 41 44 46 49 51 54 57 61 62 63 64 65 69 70 71 75 76 77 79 81 82 83 84 86 90 91 92 95 96 99 

0 1 2 7 8 10 11 12 13 15 17 20 23 27 29 30 33 34 35 36 39 40 41 42 43 44 45 46 48 50 51 52 53 55 56 58 59 61 62 66 67 68 76 77 79 80 82 83 85 87 88 89 90 92 93 94 95 96 98 99 

1 2 3 6 9 10 13 14 15 16 17 21 23 24 25 26 27 28 29 30 31 32 34 35 37 38 39 41 44 45 46 48 49 51 52 54 58 59 61 66 67 68 69 70 72 75 76 77 79 80 82 83 86 89 90 92 93 94 95 96 97 

1 2 3 4 6 7 9 10 12 17 18 19 20 22 24 25 26 27 29 31 33 34 35 36 37 38 39 40 41 43 44 45 46 47 48 49 50 53 54 56 57 59 60 64 65 67 68 69 70 71 75 76 77 79 81 82 83 85 86 88 89 90 91 93 96 

0 4 6 8 9 10 12 13 14 17 19 22 23 24 27 29 30 31 34 35 39 43 44 45 46 47 48 49 50 51 53 55 56 58 61 62 63 67 72 73 76 77 78 80 83 86 88 89 90 92 93 94 98 99 

0 4 5 6 7 8 10 11 12 13 15 18 19 20 21 22 23 28 29 30 34 35 36 38 39 43 44 46 47 49 50 51 52 56 61 62 63 65 66 67 70 72 73 74 76 77 82 83 84 85 86 87 89 90 91 92 93 94 98 99 

1 2 3 4 6 9 10 12 13 14 16 17 18 22 23 24 25 26 27 28 29 30 34 36 37 40 41 42 44 45 46 47 48 50 51 53 57 58 59 64 65 67 69 71 73 75 76 77 78 79 80 81 82 84 85 86 87 89 91 92 93 95 96 99 

0 1 2 4 5 7 8 9 10 12 13 15 18 19 22 23 24 25 27 28 29 31 34 36 39 40 43 46 47 49 50 51 52 53 56 59 64 65 66 67 68 70 72 73 77 79 80 82 83 85 86 87 88 89 91 93 94 95 98 99 

0 1 2 5 8 9 10 12 13 15 18 19 23 24 26 27 29 30 31 32 34 35 36 37 40 41 42 43 44 46 47 48 49 50 51 53 55 59 61 62 65 66 70 72 73 75 76 77 78 80 85 86 87 88 90 91 93 94 95 97 98 99 

1 3 4 11 12 16 18 20 22 23 24 25 26 27 28 31 32 33 35 37 38 39 40 42 43 44 46 47 49 51 54 59 60 64 65 66 68 69 70 74 75 76 77 79 81 82 83 84 85 86 89 91 92 93 94 95 97 98 

0 2 3 4 5 6 8 9 10 11 13 15 21 22 24 25 26 27 29 30 34 37 40 41 42 44 45 46 47 49 50 52 56 59 61 63 64 65 66 67 68 69 70 72 73 75 76 77 78 79 80 84 85 86 89 90 94 96 99 

2 3 4 5 9 10 12 14 16 17 18 20 21 23 24 25 27 29 31 33 34 35 36 37 38 39 40 41 42 43 46 47 48 49 51 53 54 55 58 61 63 64 65 66 67 68 69 74 75 76 77 78 79 80 81 82 84 85 86 92 93 96 97 99 

0 1 4 5 7 8 10 11 15 18 22 24 27 28 29 31 32 35 36 39 40 42 46 47 53 55 56 57 63 65 67 68 70 73 74 75 76 77 79 80 81 83 84 85 87 89 91 93 94 96 99 

1 2 6 8 9 10 11 13 15 18 21 25 27 30 32 34 35 37 38 41 43 44 45 47 48 49 50 51 52 53 55 56 58 59 62 65 67 73 76 77 78 79 80 83 84 85 86 90 93 94 95 96 99 

0 2 3 4 5 8 9 10 11 16 19 20 21 22 23 24 25 26 29 30 31 33 34 35 38 39 40 41 42 44 46 47 48 51 53 55 57 58 59 60 61 63 66 68 70 72 75 76 78 80 81 82 83 85 86 91 92 93 94 95 96 98 

0 2 4 5 6 8 9 10 11 15 16 18 19 24 25 26 27 28 29 31 32 33 35 38 39 41 45 46 47 48 51 53 56 57 58 59 60 61 62 64 65 66 67 68 72 75 76 80 84 87 92 93 94 95 96 98 

0 1 2 3 4 8 9 10 12 13 14 16 17 18 22 23 26 27 29 30 32 35 37 40 41 42 43 44 47 48 49 50 54 57 58 65 66 68 71 72 73 75 76 77 78 79 80 81 82 83 84 85 86 88 91 93 94 95 96 97 98 

0 1 3 5 7 8 10 13 15 18 19 20 21 22 23 24 29 30 31 33 34 35 39 43 44 46 47 48 49 51 52 53 56 58 59 60 62 63 64 66 67 70 72 73 75 76 77 80 81 83 87 88 89 90 91 92 94 95 98 99 

1 2 3 4 7 8 9 10 11 15 16 18 19 20 22 23 24 25 26 27 31 32 33 35 37 38 39 40 42 43 44 46 48 51 54 55 56 57 59 60 61 64 65 68 70 71 74 75 76 79 80 81 82 83 84 85 87 89 91 92 93 94 95 97 

0 5 7 8 9 10 12 13 15 17 18 19 20 21 23 24 25 27 28 29 30 31 32 33 34 38 39 42 43 44 45 46 47 49 50 51 52 53 54 55 57 61 65 66 68 69 72 73 76 77 80 81 82 83 84 86 88 90 91 93 94 96 99 

4 6 8 9 11 13 15 16 18 21 22 24 26 27 30 31 32 38 39 40 41 42 43 44 46 48 51 53 55 57 59 60 62 63 65 66 67 69 74 76 77 78 79 80 82 83 84 85 87 91 92 93 94 95 96 99 

1 2 4 9 11 12 14 16 17 18 22 23 24 25 26 27 28 30 33 34 37 38 39 41 42 44 46 49 50 51 54 57 58 59 64 66 67 68 71 75 77 78 79 81 84 85 86 87 88 90 93 95 97 

0 1 2 3 4 5 6 7 8 9 10 13 15 18 19 20 21 22 24 27 28 29 30 31 35 37 38 39 40 41 42 44 46 48 49 52 53 54 55 57 60 62 64 65 66 67 72 74 76 77 79 80 82 83 85 88 89 92 93 94 95 

1 2 3 4 6 9 11 14 16 17 18 20 22 23 25 26 29 30 32 33 36 39 40 41 42 44 46 49 50 54 57 58 59 64 66 67 68 69 75 76 77 78 81 82 84 86 89 93 94 96 97 

0 1 4 5 7 9 10 12 13 15 18 19 20 22 25 26 28 29 30 31 34 35 36 37 39 42 43 44 45 46 47 49 51 52 53 55 56 59 60 61 63 64 65 67 70 73 74 77 80 81 83 85 87 89 90 91 94 95 98 

0 1 2 4 7 9 10 12 15 19 23 27 28 30 34 35 36 39 42 43 44 46 47 50 51 52 53 55 56 57 58 60 64 65 67 70 72 74 75 76 78 79 81 82 83 84 85 87 88 90 91 93 95 98 99 

1 4 7 9 11 12 14 15 16 18 20 22 23 24 26 28 33 36 37 39 40 41 42 44 46 47 53 57 59 62 64 66 67 68 69 70 71 72 75 76 78 79 80 81 82 83 84 86 87 88 89 91 93 94 96 97 98 

0 1 3 4 7 9 10 12 14 15 22 24 25 26 27 28 31 32 36 39 40 41 42 44 46 49 50 53 54 57 59 60 64 65 66 67 68 70 73 74 76 77 78 79 80 81 82 83 84 85 86 87 89 91 92 93 94 95 

1 2 3 4 9 12 13 14 18 22 23 24 25 26 27 28 29 30 31 36 37 38 40 42 43 44 49 50 52 54 55 56 59 64 65 66 67 68 71 72 73 74 75 77 78 79 81 82 83 85 86 87 88 89 91 92 93 94 96 97 98 99 

2 4 9 10 11 13 14 15 18 22 23 24 25 27 28 29 30 31 32 34 37 38 39 40 41 42 44 45 46 47 49 50 51 52 53 56 58 60 62 63 64 66 67 69 70 72 73 74 75 76 78 79 80 81 82 83 84 86 88 89 92 94 96 97 98 

1 2 4 9 10 12 13 14 15 17 18 23 24 25 26 27 30 31 32 33 34 35 37 39 42 43 44 45 46 47 48 49 50 51 54 56 57 58 59 61 62 64 65 66 69 71 73 74 76 79 82 84 85 86 87 88 89 96 97 98 99 

2 3 4 7 9 10 12 14 15 16 18 19 20 22 24 26 27 28 30 31 33 35 36 37 38 40 41 42 43 44 45 46 51 52 53 54 55 56 57 59 60 62 64 66 68 73 74 75 76 77 81 82 84 86 87 88 89 91 93 94 95 96 98 99 

0 2 3 6 8 9 10 11 13 14 15 18 19 20 21 22 23 24 27 28 29 30 31 32 33 34 37 39 41 42 43 44 45 46 47 48 49 52 53 54 56 57 58 61 62 65 67 68 69 70 72 73 81 82 85 86 88 89 90 93 94 95 96 99 

1 4 7 9 11 12 14 16 18 20 22 23 24 28 29 31 32 35 36 38 39 40 41 42 43 44 46 47 48 49 54 57 60 62 63 64 65 66 68 70 71 72 74 75 76 79 80 83 84 87 88 89 91 92 93 94 95 97 

0 1 4 9 16 17 18 21 22 23 25 26 27 28 29 30 31 33 35 36 37 40 41 42 44 46 47 49 51 53 54 56 59 61 64 66 67 68 71 74 75 76 77 78 79 80 83 84 85 86 88 89 90 91 93 94 95 96 97 98 

1 4 5 7 8 10 12 15 16 18 19 22 24 28 30 31 32 33 35 36 37 39 40 42 43 46 47 48 53 55 57 59 60 61 62 63 65 66 67 68 70 72 73 75 76 78 79 80 81 84 85 86 87 89 93 94 95 96 99 

1 4 6 9 10 13 14 16 17 20 23 24 25 27 28 29 30 31 32 34 36 37 39 40 41 42 44 46 47 48 49 51 52 54 55 56 57 59 64 65 66 68 71 72 75 76 77 78 79 80 82 83 85 86 87 90 93 94 95 96 97 98 99 

0 1 2 4 7 9 11 12 13 14 15 16 18 19 20 23 26 27 28 30 35 36 37 41 42 43 44 47 52 54 55 57 59 62 64 65 66 67 68 69 71 73 74 75 76 78 79 80 81 82 83 87 88 89 91 93 94 96 98 

1 2 3 6 8 11 12 13 14 17 18 19 22 23 24 27 29 30 31 32 36 37 39 41 42 44 45 46 48 50 51 53 54 55 56 57 58 59 61 64 67 69 73 74 77 78 79 80 82 83 84 88 89 90 93 94 96 97 98 99 

0 1 2 4 9 10 12 13 14 15 18 19 22 25 26 27 28 30 31 32 36 37 39 40 41 42 43 44 46 47 50 51 53 55 56 59 62 63 64 66 67 70 72 73 75 78 79 80 81 82 83 85 88 89 91 93 95 98 99 

0 1 2 3 4 9 12 13 14 15 19 22 23 24 25 27 28 29 30 31 34 35 36 37 40 41 42 43 44 47 49 50 53 54 55 57 58 59 61 64 65 66 69 70 71 72 73 78 80 81 82 85 87 89 93 95 98 99 

0 2 3 4 7 9 10 11 12 15 18 19 20 22 24 26 27 28 29 31 32 34 35 37 39 40 41 42 44 46 47 53 54 55 56 57 58 60 62 63 65 66 69 70 74 75 76 77 79 80 81 82 83 85 86 87 91 93 94 95 96 97 98 99 

0 1 2 3 4 9 10 11 12 13 14 15 21 22 23 24 25 27 29 32 34 35 38 39 41 44 45 48 49 50 51 52 53 55 56 58 61 62 63 65 67 69 76 77 79 80 82 83 84 86 93 95 96 97 98 99 

0 1 3 4 5 7 8 9 11 12 13 14 15 16 18 20 23 26 28 30 32 33 35 36 37 38 39 40 41 42 44 46 48 50 53 56 57 62 63 64 65 66 67 68 74 75 76 77 78 81 82 83 84 85 88 89 92 93 94 95 96 98 

1 4 5 7 8 9 10 11 16 18 20 21 22 24 25 29 31 32 33 38 39 41 42 44 45 46 47 49 50 51 52 58 61 62 63 66 67 68 72 74 76 77 79 80 82 86 89 90 91 93 94 95 96 99 

0 1 4 9 10 12 14 15 17 18 20 22 23 25 28 29 31 33 36 37 38 39 40 41 42 43 45 46 47 49 51 54 57 59 61 64 66 67 68 73 74 75 76 77 78 79 80 81 83 84 85 86 88 89 91 92 94 95 96 97 99 

2 3 4 5 6 7 9 11 13 15 20 21 22 24 26 27 28 29 30 31 32 33 34 35 37 39 42 43 44 46 48 49 50 51 53 55 56 58 59 60 62 63 64 65 66 67 68 70 71 73 77 82 83 85 86 87 89 90 93 95 96 97 98 

0 3 5 6 7 10 11 12 14 18 19 20 22 24 26 28 29 30 31 35 37 38 39 40 42 43 44 46 48 50 53 56 57 58 59 60 61 62 63 64 65 66 67 68 70 73 74 76 78 79 82 84 87 88 89 91 92 94 96 99 

1 2 3 4 7 8 10 11 12 13 14 15 16 17 18 20 23 25 26 27 29 31 32 33 34 37 39 40 41 42 46 47 48 49 51 53 54 56 57 59 60 61 62 66 67 68 70 71 74 75 76 77 82 83 84 87 89 92 93 94 95 

2 3 9 10 12 13 14 16 17 18 22 23 24 25 26 27 28 29 32 33 34 36 37 40 41 44 47 49 54 55 56 57 59 61 64 67 68 69 71 74 76 78 79 81 82 84 85 87 88 89 90 91 93 94 95 96 

0 2 4 7 9 10 13 18 19 23 25 27 29 30 34 35 36 41 42 43 44 45 47 49 52 53 55 56 58 59 60 61 62 64 65 67 70 72 73 74 76 77 79 80 81 83 84 85 86 87 88 89 90 94 99 

0 2 4 7 8 9 10 11 13 15 19 20 22 25 26 27 29 31 32 34 39 40 41 42 43 44 45 47 49 52 53 54 55 56 58 62 64 65 67 70 72 73 76 77 79 80 82 83 85 86 87 89 90 92 94 95 96 

 saving H
1023.28
3444.5
2979.59
3713.21
2892.01
2379.34
3138.22
2582.14
1956.29
2748.42
1817.84
2851.3
3301.15
2855.83
0
1461.94
0
0
2599.76
3032.03
2868.15
3227.35
2236.47
3400.93
2790
0
0
2484.07
2508.78
2559.27
3160.1
2570.24
0
0
2526.59
1846.05
3442.44
0
2758.41
2766.62
0
3002.28
0
3081.47
2443.36
0
2685.28
2155.17
0
2280.48
2761.57
3025.47
2310.87
1168.67
3397.17
2823.68
1581.24
0
2698.66
3212.83
2234.04
2911.52
2468.69
2307.89
3093.89
1384.76
3034.76
2008.41
0
0
1751.07
0
2399.87
3295.03
3327.37
2943.92
2701.8
2692.44
0
2857.03
0
3382.71
2830.83
1985.75
3128.02
2819.18
3417.77
2477.03
0
2557.89
2974.55
3228.82
2633.87
3143.57
2328.45
2647.51
0
0
3102.11
1996.27
 saving H
1023.28
3444.5
2979.59
3713.21
2892.01
2379.34
3138.22
2582.14
1956.29
2748.42
1817.84
2851.3
3301.15
2855.83
0
1461.94
0
0
2599.76
3032.03
2868.15
3227.35
2236.47
3400.93
2790
0
0
2484.07
2508.78
2559.27
3160.1
2570.24
0
0
2526.59
1846.05
3442.44
0
2758.41
2766.62
0
3002.28
0
3081.47
2443.36
0
2685.28
2155.17
0
2280.48
2761.57
3025.47
2310.87
1168.67
3397.17
2823.68
1581.24
0
2698.66
3212.83
2234.04
2911.52
2468.69
2307.89
3093.89
1384.76
3034.76
2008.41
0
0
1751.07
0
2399.87
3295.03
3327.37
2943.92
2701.8
2692.44
0
2857.03
0
3382.71
2830.83
1985.75
3128.02
2819.18
3417.77
2477.03
0
2557.89
2974.55
3228.82
2633.87
3143.57
2328.45
2647.51
0
0
3102.11
1996.27
ComputeGraphRadiusSearch 
points n 100
0 - 1 - 2 - 3 - 4 - 5 - 6 - 7 - 8 - 9 - 10 - 11 - 12 - 13 - 14 - 15 - 16 - 17 - 18 - 19 - 20 - 21 - 22 - 23 - 24 - 25 - 
 25% of graph computed 
26 - 27 - 28 - 29 - 30 - 31 - 32 - 33 - 34 - 35 - 36 - 37 - 38 - 39 - 40 - 41 - 42 - 43 - 44 - 45 - 46 - 47 - 48 - 49 - 50 - 
 50% of graph computed 
51 - 52 - 53 - 54 - 55 - 56 - 57 - 58 - 59 - 60 - 61 - 62 - 63 - 64 - 65 - 66 - 67 - 68 - 69 - 70 - 71 - 72 - 73 - 74 - 75 - 
 75% of graph computed 
76 - 77 - 78 - 79 - 80 - 81 - 82 - 83 - 84 - 85 - 86 - 87 - 88 - 89 - 90 - 91 - 92 - 93 - 94 - 95 - 96 - 97 - 98 - 99 - Graph of connectivity-radius 1000 correctly computed: 100 nodes into the graph
min connectivity: 56 max connectivity: 100
GRAPH 
2 6 7 8 9 10 15 18 19 21 22 24 27 28 29 30 31 34 35 38 41 43 44 47 49 50 52 53 54 55 56 58 59 60 62 63 64 65 67 70 72 73 74 75 76 79 81 82 84 86 87 89 92 93 94 95 98 99 

2 4 9 10 11 12 15 16 17 18 22 23 24 28 30 32 35 36 37 38 39 41 42 44 45 46 47 51 54 57 59 61 64 66 67 68 69 71 74 75 76 77 78 79 80 81 82 83 84 85 86 88 90 91 93 94 96 97 98 

0 1 8 9 10 11 12 13 14 15 18 21 23 26 27 28 29 30 31 34 36 37 38 39 41 43 44 45 49 50 51 52 54 58 59 61 62 65 66 67 69 70 72 73 76 77 78 79 82 84 85 86 87 90 93 94 95 97 99 

1 2 4 5 6 9 11 12 16 18 20 21 23 24 25 26 28 30 31 32 33 35 37 38 39 40 42 44 47 48 50 51 58 59 61 63 64 66 67 68 69 70 71 74 75 76 81 82 83 84 86 89 91 92 93 94 96 97 99 

1 3 5 6 9 12 15 16 18 19 22 24 27 28 31 32 35 36 37 40 41 42 44 45 46 48 49 50 53 54 55 56 57 59 60 64 66 67 70 72 73 74 75 76 77 78 79 80 81 82 83 85 87 88 89 91 92 93 94 95 96 

0 1 7 8 10 11 19 20 22 25 27 28 29 32 33 35 38 39 40 41 42 44 46 49 50 51 53 55 56 59 60 62 63 64 65 66 68 70 72 74 76 79 80 83 89 90 91 92 93 94 95 96 98 

1 2 8 10 11 15 18 20 21 22 24 25 27 28 29 31 32 33 35 38 39 40 41 44 45 46 48 49 51 52 53 54 56 58 61 62 63 65 67 69 71 76 77 80 84 89 92 93 95 99 

0 1 4 5 10 11 15 16 18 19 20 22 24 28 31 35 36 39 40 42 43 44 46 49 53 54 55 56 57 59 60 62 63 64 65 68 70 74 75 76 77 79 81 83 84 87 88 89 91 94 95 96 99 

0 1 2 5 6 7 9 10 11 12 13 15 16 20 21 22 23 24 25 27 30 31 32 33 34 35 38 39 40 41 42 45 46 47 48 49 50 51 52 53 56 62 63 64 65 66 67 70 72 74 77 78 79 82 83 84 86 88 90 92 93 94 96 99 

0 1 2 3 4 12 13 16 20 21 22 23 24 25 27 29 30 31 32 33 34 36 37 40 41 42 43 44 46 47 49 51 54 57 59 60 61 64 67 68 69 71 74 76 77 78 79 80 81 82 84 85 86 87 88 89 90 91 93 94 95 96 97 

0 4 6 8 9 11 13 15 17 18 20 22 23 24 26 27 29 30 32 33 34 35 36 40 41 43 44 46 47 48 49 50 51 52 53 54 55 56 58 59 60 65 66 67 68 70 72 73 76 80 82 83 85 87 89 90 92 94 95 96 97 99 

0 1 2 5 8 9 10 12 15 16 20 21 22 24 26 28 29 30 31 32 33 35 38 39 41 43 44 46 47 49 51 53 55 56 57 59 60 61 62 63 64 65 67 68 70 72 75 76 79 82 83 84 85 86 90 91 92 94 95 

1 2 3 4 9 10 11 14 17 18 19 22 23 24 26 28 29 30 34 36 37 38 39 40 41 42 43 44 45 46 47 48 49 54 55 57 59 62 64 68 69 74 76 77 78 79 81 82 83 84 85 86 87 89 90 93 94 95 97 98 

1 2 5 8 9 10 12 16 17 20 21 23 25 27 29 30 31 32 33 35 36 37 39 41 44 45 47 48 49 50 52 53 54 55 56 57 58 61 62 65 67 69 70 72 77 78 79 80 82 83 84 85 86 87 88 90 91 96 97 99 

1 2 3 4 9 12 16 17 18 19 23 24 25 26 27 28 29 30 34 36 37 39 40 41 42 45 47 51 54 55 57 59 64 66 67 68 69 71 73 75 76 77 78 79 81 84 85 86 88 89 93 94 97 98 

0 3 5 6 7 8 9 10 18 19 22 24 26 27 28 29 31 33 35 37 39 41 42 44 45 46 47 49 52 53 54 55 56 58 59 60 62 63 64 65 66 68 70 72 73 75 76 80 81 82 83 84 87 88 91 92 94 95 98 99 

1 2 3 4 6 8 9 12 17 20 21 23 24 25 27 28 29 30 32 33 37 38 39 40 41 42 46 48 49 51 54 57 58 59 63 66 67 68 69 71 74 77 78 79 80 81 82 83 84 89 91 92 93 94 95 96 

2 4 9 10 12 13 14 23 25 27 29 30 34 37 40 41 45 47 48 49 50 51 52 54 58 59 61 64 69 71 77 78 79 80 82 85 86 90 93 96 97 

1 2 3 4 7 8 9 10 16 20 21 24 26 27 28 32 35 36 37 39 40 41 42 43 44 46 47 49 51 53 56 57 58 60 62 64 66 67 68 71 72 74 75 76 77 79 80 81 82 83 84 85 86 87 89 91 93 94 95 96 98 99 

0 4 7 9 12 14 15 23 27 28 30 34 35 36 37 41 42 43 44 46 47 49 52 53 55 56 58 59 60 61 65 67 70 72 73 74 75 76 77 78 79 80 81 82 83 85 87 88 89 90 91 95 98 99 

1 2 3 4 6 7 8 10 11 13 16 18 21 22 23 24 25 26 28 29 30 31 32 35 38 39 41 42 44 46 47 48 49 50 52 56 57 59 60 61 62 64 65 68 69 70 72 76 77 78 80 81 84 85 87 89 92 93 94 95 96 97 99 

0 2 5 6 8 11 13 15 16 20 22 24 25 26 27 29 32 33 34 38 39 41 45 48 51 53 59 60 61 62 65 66 67 68 76 77 80 82 89 90 92 95 96 99 

0 1 2 5 9 10 11 12 14 15 16 18 20 21 23 24 26 28 29 30 31 32 33 38 39 40 41 42 44 46 47 48 50 52 53 54 56 57 58 60 62 63 65 66 67 68 70 77 78 79 81 83 85 86 87 88 90 91 92 94 95 96 97 

1 2 3 4 6 9 10 12 13 14 15 17 18 20 22 25 27 28 29 30 33 34 36 37 38 41 44 46 47 48 49 51 54 56 57 58 59 64 65 66 68 69 70 71 72 73 74 75 76 77 78 80 82 84 85 86 87 88 93 94 96 

1 4 5 6 7 8 10 11 12 15 17 18 20 22 23 25 26 27 29 31 32 33 34 35 36 37 38 39 40 41 45 46 48 50 51 53 57 58 59 61 62 63 64 66 68 69 71 72 79 80 82 83 84 85 87 88 90 94 95 96 97 99 

0 3 4 6 8 9 10 11 12 14 15 18 22 23 24 27 29 30 31 32 33 34 37 38 39 41 42 44 46 47 48 50 51 52 54 55 56 57 58 59 61 63 65 66 67 70 76 77 78 80 82 83 84 85 86 87 89 90 93 95 96 97 98 

1 3 4 5 6 10 11 14 16 20 23 24 25 28 29 31 32 33 35 37 38 39 40 41 42 46 48 49 51 54 57 58 62 63 66 67 68 69 72 74 75 77 78 79 81 82 83 84 85 86 87 89 91 92 93 95 96 

1 2 3 4 9 10 11 13 14 18 22 23 25 26 28 29 30 35 36 37 39 42 44 45 46 47 48 49 50 51 52 53 54 56 58 59 60 61 62 64 67 70 72 76 77 78 80 82 83 86 88 89 90 92 93 94 95 96 97 99 

0 1 4 7 9 11 12 15 16 18 20 22 27 31 32 33 34 35 36 37 39 40 41 42 43 44 46 52 53 54 55 57 59 60 62 65 66 68 72 73 74 75 76 77 78 79 80 81 83 85 86 87 88 89 91 93 94 95 97 

1 2 3 6 7 8 10 11 12 13 14 19 20 21 22 23 24 25 26 27 28 30 31 34 35 37 38 39 44 45 47 48 49 50 51 52 53 55 58 61 62 63 65 67 68 70 72 76 77 79 80 82 83 84 85 87 88 89 90 94 97 98 99 

1 2 3 4 6 8 9 11 12 13 14 19 23 24 25 27 28 29 34 35 36 37 41 42 45 46 49 51 52 54 55 56 58 59 61 62 64 67 69 70 71 72 73 75 76 77 78 79 80 82 83 84 85 88 90 91 97 

0 1 2 3 4 5 6 8 9 11 12 13 15 16 20 22 24 25 26 27 30 32 33 34 35 37 38 39 40 42 44 45 46 48 49 50 52 53 55 57 58 59 60 61 62 63 65 68 69 72 74 75 76 78 79 81 87 89 91 92 93 94 95 96 

1 2 3 4 5 6 7 8 9 10 11 12 13 15 16 18 20 22 24 26 27 28 30 31 33 34 36 38 39 40 42 44 46 48 49 51 54 60 63 65 66 67 68 70 71 77 78 79 80 81 84 85 86 87 90 91 93 94 95 96 99 

1 2 3 4 5 6 8 9 10 11 13 15 16 18 20 21 24 25 26 28 29 30 31 32 34 35 38 39 40 41 44 46 47 48 51 53 57 61 63 64 65 67 68 69 74 76 78 79 81 82 84 89 91 92 93 96 97 

0 1 2 3 5 6 9 13 14 15 18 19 22 23 24 27 29 30 31 33 35 41 44 45 46 47 49 50 51 52 53 55 56 58 59 61 63 64 65 66 67 68 69 72 73 76 77 80 82 84 86 87 88 90 92 95 96 99 

0 1 4 5 6 7 8 10 14 15 16 18 19 22 24 27 28 31 34 36 37 38 39 40 41 42 43 44 46 53 56 57 60 61 62 64 65 66 67 70 72 73 74 75 76 77 78 79 81 82 83 85 88 89 90 93 94 98 99 

1 2 3 4 7 9 10 12 14 16 18 19 27 28 37 40 42 43 44 46 47 49 54 55 56 59 60 64 66 67 69 70 71 72 74 75 76 77 78 79 81 82 83 84 85 86 87 88 89 91 93 96 97 98 

1 2 3 4 9 10 12 14 16 18 20 22 23 24 25 27 29 30 34 36 39 40 41 42 43 44 49 53 54 55 57 61 64 66 67 68 69 71 73 75 76 77 78 80 81 82 84 85 86 88 89 90 91 93 94 96 97 98 

0 1 6 7 8 11 12 16 20 21 22 23 24 25 26 27 28 30 31 32 33 34 37 39 40 41 44 45 47 49 50 51 53 54 55 57 58 60 61 62 63 65 66 69 70 72 74 75 76 77 78 81 82 89 90 91 92 93 94 95 96 99 

0 1 3 6 7 8 11 13 18 20 21 22 24 25 26 27 28 29 31 32 38 41 43 44 45 46 47 48 50 51 52 53 55 58 59 60 61 62 63 65 67 68 69 70 71 74 75 76 78 79 81 82 83 87 88 89 90 91 93 94 95 96 

1 3 4 9 11 12 14 15 16 18 20 22 24 27 28 31 32 35 36 37 39 41 44 46 48 49 50 51 53 54 55 56 57 60 61 62 64 65 66 67 70 73 74 75 76 77 78 79 81 82 83 84 85 86 87 89 90 91 92 93 94 95 

1 2 4 5 7 8 9 10 12 13 14 16 17 19 20 22 23 24 25 27 28 29 30 31 32 33 35 36 37 38 40 44 46 47 48 49 51 52 53 54 56 57 58 59 62 68 69 75 76 77 78 80 81 82 83 84 85 86 89 90 93 94 95 96 99 

1 4 7 9 12 14 15 16 18 19 20 22 24 27 30 31 35 36 38 39 40 41 43 44 46 49 50 55 57 59 60 62 63 64 65 66 67 68 72 73 74 75 76 78 79 81 82 83 84 85 87 88 89 92 93 94 95 97 

0 1 2 4 7 9 10 12 13 14 15 18 19 22 23 27 28 30 35 37 39 40 42 44 46 47 49 50 53 54 55 56 57 58 64 66 68 70 72 73 74 75 76 77 78 79 80 81 82 83 85 87 88 89 98 99 

1 2 4 7 9 10 12 13 18 19 23 27 28 29 31 33 34 36 37 40 42 43 45 46 47 51 53 54 55 57 59 60 61 64 65 66 67 70 71 72 74 75 76 77 78 79 80 82 83 84 85 86 88 89 93 94 95 96 98 99 

0 2 4 6 8 10 12 13 15 19 20 22 23 25 29 30 33 34 39 41 44 47 48 49 50 51 52 54 55 58 61 63 64 65 67 70 73 76 77 78 79 80 82 84 86 88 90 92 93 96 99 

3 4 5 6 7 8 9 12 13 17 18 22 24 25 26 27 28 29 31 32 33 35 36 38 39 40 41 42 45 47 48 49 51 53 55 56 57 62 64 65 66 67 68 71 74 75 76 77 79 81 82 86 87 88 89 90 91 92 93 94 95 97 

0 2 4 9 10 12 13 15 16 18 19 22 23 24 25 26 30 33 34 36 37 41 42 43 44 48 49 50 51 52 53 54 55 56 59 61 64 65 67 69 70 72 73 74 76 78 79 80 81 82 83 84 85 86 87 88 91 93 95 97 98 99 

0 1 3 4 5 6 11 14 15 16 17 18 20 21 22 23 24 25 27 28 29 30 31 32 33 34 37 38 41 44 46 49 51 54 57 61 62 63 64 65 69 70 71 75 76 77 79 81 82 83 84 86 90 91 92 95 96 99 

0 1 2 7 8 10 11 12 13 15 17 20 23 27 29 30 33 34 35 36 39 40 41 42 43 44 45 46 48 50 51 52 53 55 56 58 59 61 62 66 67 68 76 77 79 80 82 83 85 87 88 89 90 92 93 94 95 96 98 99 

1 2 3 6 9 10 13 14 15 16 17 21 23 24 25 26 27 28 29 30 31 32 34 35 37 38 39 41 44 45 46 48 49 51 52 54 58 59 61 66 67 68 69 70 72 75 76 77 79 80 82 83 86 89 90 92 93 94 95 96 97 

1 2 3 4 6 7 9 10 12 17 18 19 20 22 24 25 26 27 29 31 33 34 35 36 37 38 39 40 41 43 44 45 46 47 48 49 50 53 54 56 57 59 60 64 65 67 68 69 70 71 75 76 77 79 81 82 83 85 86 88 89 90 91 93 96 

0 4 6 8 9 10 12 13 14 17 19 22 23 24 27 29 30 31 34 35 39 43 44 45 46 47 48 49 50 51 53 55 56 58 61 62 63 67 72 73 76 77 78 80 83 86 88 89 90 92 93 94 98 99 

0 4 5 6 7 8 10 11 12 13 15 18 19 20 21 22 23 28 29 30 34 35 36 38 39 43 44 46 47 49 50 51 52 56 61 62 63 65 66 67 70 72 73 74 76 77 82 83 84 85 86 87 89 90 91 92 93 94 98 99 

1 2 3 4 6 9 10 12 13 14 16 17 18 22 23 24 25 26 27 28 29 30 34 36 37 40 41 42 44 45 46 47 48 50 51 53 57 58 59 64 65 67 69 71 73 75 76 77 78 79 80 81 82 84 85 86 87 89 91 92 93 95 96 99 

0 1 2 4 5 7 8 9 10 12 13 15 18 19 22 23 24 25 27 28 29 31 34 36 39 40 43 46 47 49 50 51 52 53 56 59 64 65 66 67 68 70 72 73 77 79 80 82 83 85 86 87 88 89 91 93 94 95 98 99 

0 1 2 5 8 9 10 12 13 15 18 19 23 24 26 27 29 30 31 32 34 35 36 37 40 41 42 43 44 46 47 48 49 50 51 53 55 59 61 62 65 66 70 72 73 75 76 77 78 80 85 86 87 88 90 91 93 94 95 97 98 99 

1 3 4 11 12 16 18 20 22 23 24 25 26 27 28 31 32 33 35 37 38 39 40 42 43 44 46 47 49 51 54 59 60 64 65 66 68 69 70 74 75 76 77 79 81 82 83 84 85 86 89 91 92 93 94 95 97 98 

0 2 3 4 5 6 8 9 10 11 13 15 21 22 24 25 26 27 29 30 34 37 40 41 42 44 45 46 47 49 50 52 56 59 61 63 64 65 66 67 68 69 70 72 73 75 76 77 78 79 80 84 85 86 89 90 94 96 99 

2 3 4 5 9 10 12 14 16 17 18 20 21 23 24 25 27 29 31 33 34 35 36 37 38 39 40 41 42 43 46 47 48 49 51 53 54 55 58 61 63 64 65 66 67 68 69 74 75 76 77 78 79 80 81 82 84 85 86 92 93 96 97 99 

0 1 4 5 7 8 10 11 15 18 22 24 27 28 29 31 32 35 36 39 40 42 46 47 53 55 56 57 63 65 67 68 70 73 74 75 76 77 79 80 81 83 84 85 87 89 91 93 94 96 99 

1 2 6 8 9 10 11 13 15 18 21 25 27 30 32 34 35 37 38 41 43 44 45 47 48 49 50 51 52 53 55 56 58 59 62 65 67 73 76 77 78 79 80 83 84 85 86 90 93 94 95 96 99 

0 2 3 4 5 8 9 10 11 16 19 20 21 22 23 24 25 26 29 30 31 33 34 35 38 39 40 41 42 44 46 47 48 51 53 55 57 58 59 60 61 63 66 68 70 72 75 76 78 80 81 82 83 85 86 91 92 93 94 95 96 98 

0 2 4 5 6 8 9 10 11 15 16 18 19 24 25 26 27 28 29 31 32 33 35 38 39 41 45 46 47 48 51 53 56 57 58 59 60 61 62 64 65 66 67 68 72 75 76 80 84 87 92 93 94 95 96 98 

0 1 2 3 4 8 9 10 12 13 14 16 17 18 22 23 26 27 29 30 32 35 37 40 41 42 43 44 47 48 49 50 54 57 58 65 66 68 71 72 73 75 76 77 78 79 80 81 82 83 84 85 86 88 91 93 94 95 96 97 98 

0 1 3 5 7 8 10 13 15 18 19 20 21 22 23 24 29 30 31 33 34 35 39 43 44 46 47 48 49 51 52 53 56 58 59 60 62 63 64 66 67 70 72 73 75 76 77 80 81 83 87 88 89 90 91 92 94 95 98 99 

1 2 3 4 7 8 9 10 11 15 16 18 19 20 22 23 24 25 26 27 31 32 33 35 37 38 39 40 42 43 44 46 48 51 54 55 56 57 59 60 61 64 65 68 70 71 74 75 76 79 80 81 82 83 84 85 87 89 91 92 93 94 95 97 

0 5 7 8 9 10 12 13 15 17 18 19 20 21 23 24 25 27 28 29 30 31 32 33 34 38 39 42 43 44 45 46 47 49 50 51 52 53 54 55 57 61 65 66 68 69 72 73 76 77 80 81 82 83 84 86 88 90 91 93 94 96 99 

4 6 8 9 11 13 15 16 18 21 22 24 26 27 30 31 32 38 39 40 41 42 43 44 46 48 51 53 55 57 59 60 62 63 65 66 67 69 74 76 77 78 79 80 82 83 84 85 87 91 92 93 94 95 96 99 

1 2 4 9 11 12 14 16 17 18 22 23 24 25 26 27 28 30 33 34 37 38 39 41 42 44 46 49 50 51 54 57 58 59 64 66 67 68 71 75 77 78 79 81 84 85 86 87 88 90 93 95 97 

0 1 2 3 4 5 6 7 8 9 10 13 15 18 19 20 21 22 24 27 28 29 30 31 35 37 38 39 40 41 42 44 46 48 49 52 53 54 55 57 60 62 64 65 66 67 72 74 76 77 79 80 82 83 85 88 89 92 93 94 95 

1 2 3 4 6 9 11 14 16 17 18 20 22 23 25 26 29 30 32 33 36 39 40 41 42 44 46 49 50 54 57 58 59 64 66 67 68 69 75 76 77 78 81 82 84 86 89 93 94 96 97 

0 1 4 5 7 9 10 12 13 15 18 19 20 22 25 26 28 29 30 31 34 35 36 37 39 42 43 44 45 46 47 49 51 52 53 55 56 59 60 61 63 64 65 67 70 73 74 77 80 81 83 85 87 89 90 91 94 95 98 

0 1 2 4 7 9 10 12 15 19 23 27 28 30 34 35 36 39 42 43 44 46 47 50 51 52 53 55 56 57 58 60 64 65 67 70 72 74 75 76 78 79 81 82 83 84 85 87 88 90 91 93 95 98 99 

1 4 7 9 11 12 14 15 16 18 20 22 23 24 26 28 33 36 37 39 40 41 42 44 46 47 53 57 59 62 64 66 67 68 69 70 71 72 75 76 78 79 80 81 82 83 84 86 87 88 89 91 93 94 96 97 98 

0 1 3 4 7 9 10 12 14 15 22 24 25 26 27 28 31 32 36 39 40 41 42 44 46 49 50 53 54 57 59 60 64 65 66 67 68 70 73 74 76 77 78 79 80 81 82 83 84 85 86 87 89 91 92 93 94 95 

1 2 3 4 9 12 13 14 18 22 23 24 25 26 27 28 29 30 31 36 37 38 40 42 43 44 49 50 52 54 55 56 59 64 65 66 67 68 71 72 73 74 75 77 78 79 81 82 83 85 86 87 88 89 91 92 93 94 96 97 98 99 

2 4 9 10 11 13 14 15 18 22 23 24 25 27 28 29 30 31 32 34 37 38 39 40 41 42 44 45 46 47 49 50 51 52 53 56 58 60 62 63 64 66 67 69 70 72 73 74 75 76 78 79 80 81 82 83 84 86 88 89 92 94 96 97 98 

1 2 4 9 10 12 13 14 15 17 18 23 24 25 26 27 30 31 32 33 34 35 37 39 42 43 44 45 46 47 48 49 50 51 54 56 57 58 59 61 62 64 65 66 69 71 73 74 76 79 82 84 85 86 87 88 89 96 97 98 99 

2 3 4 7 9 10 12 14 15 16 18 19 20 22 24 26 27 28 30 31 33 35 36 37 38 40 41 42 43 44 45 46 51 52 53 54 55 56 57 59 60 62 64 66 68 73 74 75 76 77 81 82 84 86 87 88 89 91 93 94 95 96 98 99 

0 2 3 6 8 9 10 11 13 14 15 18 19 20 21 22 23 24 27 28 29 30 31 32 33 34 37 39 41 42 43 44 45 46 47 48 49 52 53 54 56 57 58 61 62 65 67 68 69 70 72 73 81 82 85 86 88 89 90 93 94 95 96 99 

1 4 7 9 11 12 14 16 18 20 22 23 24 28 29 31 32 35 36 38 39 40 41 42 43 44 46 47 48 49 54 57 60 62 63 64 65 66 68 70 71 72 74 75 76 79 80 83 84 87 88 89 91 92 93 94 95 97 

0 1 4 9 16 17 18 21 22 23 25 26 27 28 29 30 31 33 35 36 37 40 41 42 44 46 47 49 51 53 54 56 59 61 64 66 67 68 71 74 75 76 77 78 79 80 83 84 85 86 88 89 90 91 93 94 95 96 97 98 

1 4 5 7 8 10 12 15 16 18 19 22 24 28 30 31 32 33 35 36 37 39 40 42 43 46 47 48 53 55 57 59 60 61 62 63 65 66 67 68 70 72 73 75 76 78 79 80 81 84 85 86 87 89 93 94 95 96 99 

1 4 6 9 10 13 14 16 17 20 23 24 25 27 28 29 30 31 32 34 36 37 39 40 41 42 44 46 47 48 49 51 52 54 55 56 57 59 64 65 66 68 71 72 75 76 77 78 79 80 82 83 85 86 87 90 93 94 95 96 97 98 99 

0 1 2 4 7 9 11 12 13 14 15 16 18 19 20 23 26 27 28 30 35 36 37 41 42 43 44 47 52 54 55 57 59 62 64 65 66 67 68 69 71 73 74 75 76 78 79 80 81 82 83 87 88 89 91 93 94 96 98 

1 2 3 6 8 11 12 13 14 17 18 19 22 23 24 27 29 30 31 32 36 37 39 41 42 44 45 46 48 50 51 53 54 55 56 57 58 59 61 64 67 69 73 74 77 78 79 80 82 83 84 88 89 90 93 94 96 97 98 99 

0 1 2 4 9 10 12 13 14 15 18 19 22 25 26 27 28 30 31 32 36 37 39 40 41 42 43 44 46 47 50 51 53 55 56 59 62 63 64 66 67 70 72 73 75 78 79 80 81 82 83 85 88 89 91 93 95 98 99 

0 1 2 3 4 9 12 13 14 15 19 22 23 24 25 27 28 29 30 31 34 35 36 37 40 41 42 43 44 47 49 50 53 54 55 57 58 59 61 64 65 66 69 70 71 72 73 78 80 81 82 85 87 89 93 95 98 99 

0 2 3 4 7 9 10 11 12 15 18 19 20 22 24 26 27 28 29 31 32 34 35 37 39 40 41 42 44 46 47 53 54 55 56 57 58 60 62 63 65 66 69 70 74 75 76 77 79 80 81 82 83 85 86 87 91 93 94 95 96 97 98 99 

0 1 2 3 4 9 10 11 12 13 14 15 21 22 23 24 25 27 29 32 34 35 38 39 41 44 45 48 49 50 51 52 53 55 56 58 61 62 63 65 67 69 76 77 79 80 82 83 84 86 93 95 96 97 98 99 

0 1 3 4 5 7 8 9 11 12 13 14 15 16 18 20 23 26 28 30 32 33 35 36 37 38 39 40 41 42 44 46 48 50 53 56 57 62 63 64 65 66 67 68 74 75 76 77 78 81 82 83 84 85 88 89 92 93 94 95 96 98 

1 4 5 7 8 9 10 11 16 18 20 21 22 24 25 29 31 32 33 38 39 41 42 44 45 46 47 49 50 51 52 58 61 62 63 66 67 68 72 74 76 77 79 80 82 86 89 90 91 93 94 95 96 99 

0 1 4 9 10 12 14 15 17 18 20 22 23 25 28 29 31 33 36 37 38 39 40 41 42 43 45 46 47 49 51 54 57 59 61 64 66 67 68 73 74 75 76 77 78 79 80 81 83 84 85 86 88 89 91 92 94 95 96 97 99 

2 3 4 5 6 7 9 11 13 15 20 21 22 24 26 27 28 29 30 31 32 33 34 35 37 39 42 43 44 46 48 49 50 51 53 55 56 58 59 60 62 63 64 65 66 67 68 70 71 73 77 82 83 85 86 87 89 90 93 95 96 97 98 

0 3 5 6 7 10 11 12 14 18 19 20 22 24 26 28 29 30 31 35 37 38 39 40 42 43 44 46 48 50 53 56 57 58 59 60 61 62 63 64 65 66 67 68 70 73 74 76 78 79 82 84 87 88 89 91 92 94 96 99 

1 2 3 4 7 8 10 11 12 13 14 15 16 17 18 20 23 25 26 27 29 31 32 33 34 37 39 40 41 42 46 47 48 49 51 53 54 56 57 59 60 61 62 66 67 68 70 71 74 75 76 77 82 83 84 87 89 92 93 94 95 

2 3 9 10 12 13 14 16 17 18 22 23 24 25 26 27 28 29 32 33 34 36 37 40 41 44 47 49 54 55 56 57 59 61 64 67 68 69 71 74 76 78 79 81 82 84 85 87 88 89 90 91 93 94 95 96 

0 2 4 7 9 10 13 18 19 23 25 27 29 30 34 35 36 41 42 43 44 45 47 49 52 53 55 56 58 59 60 61 62 64 65 67 70 72 73 74 76 77 79 80 81 83 84 85 86 87 88 89 90 94 99 

0 2 4 7 8 9 10 11 13 15 19 20 22 25 26 27 29 31 32 34 39 40 41 42 43 44 45 47 49 52 53 54 55 56 58 62 64 65 67 70 72 73 76 77 79 80 82 83 85 86 87 89 90 92 94 95 96 

 saving H
1023.28
3444.5
2979.59
3713.21
2892.01
2379.34
3138.22
2582.14
1956.29
2748.42
1817.84
2851.3
3301.15
2855.83
0
1461.94
0
0
2599.76
3032.03
2868.15
3227.35
2236.47
3400.93
2790
0
0
2484.07
2508.78
2559.27
3160.1
2570.24
0
0
2526.59
1846.05
3442.44
0
2758.41
2766.62
0
3002.28
0
3081.47
2443.36
0
2685.28
2155.17
0
2280.48
2761.57
3025.47
2310.87
1168.67
3397.17
2823.68
1581.24
0
2698.66
3212.83
2234.04
2911.52
2468.69
2307.89
3093.89
1384.76
3034.76
2008.41
0
0
1751.07
0
2399.87
3295.03
3327.37
2943.92
2701.8
2692.44
0
2857.03
0
3382.71
2830.83
1985.75
3128.02
2819.18
3417.77
2477.03
0
2557.89
2974.55
3228.82
2633.87
3143.57
2328.45
2647.51
0
0
3102.11
1996.27
 saving H
1023.28
3444.5
2979.59
3713.21
2892.01
2379.34
3138.22
2582.14
1956.29
2748.42
1817.84
2851.3
3301.15
2855.83
0
1461.94
0
0
2599.76
3032.03
2868.15
3227.35
2236.47
3400.93
2790
0
0
2484.07
2508.78
2559.27
3160.1
2570.24
0
0
2526.59
1846.05
3442.44
0
2758.41
2766.62
0
3002.28
0
3081.47
2443.36
0
2685.28
2155.17
0
2280.48
2761.57
3025.47
2310.87
1168.67
3397.17
2823.68
1581.24
0
2698.66
3212.83
2234.04
2911.52
2468.69
2307.89
3093.89
1384.76
3034.76
2008.41
0
0
1751.07
0
2399.87
3295.03
3327.37
2943.92
2701.8
2692.44
0
2857.03
0
3382.71
2830.83
1985.75
3128.02
2819.18
3417.77
2477.03
0
2557.89
2974.55
3228.82
2633.87
3143.57
2328.45
2647.51
0
0
3102.11
1996.27
